1.229001682305064097e-01 -3.745380665349722915e-01 -3.768857267674663447e-01 1.748041964528083969e-02 -4.785811070597668082e-01 -1.453106463252377967e-01
5.575619988275424266e-01 1.437340314935225960e-02 1.535499216265370261e-03 -1.171191908688875294e-01 -1.477318282039486175e-01 -4.439155854199097750e-01
4.174184097311965380e-01 -4.527354314569162486e-02 -1.006372890233610401e-01 3.143455033545121680e-01 3.814305323040736995e-01 -9.005112127329671645e-02
8.573156641314232107e-02 -1.614555622113727773e-01 2.479288462027396944e-01 4.123779455085738177e-02 -4.603425536913281491e-01 -2.778788817056280780e-01
-1.205509610696493261e-01 -5.606806102746176856e-01 -2.479495507420667599e-02 2.614757393328441537e-02 -2.414430479662979523e-01 4.389518951536375280e-01
-5.040998079482452709e-01 1.199777391827160263e-02 -3.734487144156471983e-01 -2.182536452295298357e-01 -8.125518250675940746e-02 4.550791565468245148e-01
5.665268314679766659e-01 1.335922673065822186e-01 -4.123276365755556006e-01 2.407789298276598045e-01 -1.701713779757175193e-01 -7.614274588371103270e-02
8.063508568466139226e-02 6.632281623080651389e-01 -1.527216464061467438e-01 1.981648402434270650e-01 2.630536812967526061e-01 -2.196802955064309226e-01
-9.900213395299606312e-01 -2.496608199097801739e-01 -3.476202953512588789e-01 -6.494328825347232825e-02 -1.471681513090463966e-01 -3.817360711066627998e-01
9.418469253657538176e-02 3.734776575422355527e-01 8.663800210577010663e-01 -5.995472715894278187e-02 3.621328272573612894e-01 -2.138334831251828827e-01
-3.102134991993644175e-01 4.200486032884393484e-01 -2.516509839251639957e-01 -1.633400156142785498e-01 3.415966622132416419e-01 1.591110283184483110e-01
-2.329779769257336319e-01 -1.894501906583699880e-01 4.406686425434475640e-01 1.601099037976640160e-01 -3.217194922272778590e-01 2.491399011620912540e-01
8.706685992156171228e-01 1.226688991568872344e+00 8.294973889947622192e-01 4.935911305028750085e-01 -1.758012876873114028e-01 -1.053276327627753750e-01
2.861538379850611102e-01 2.939688398850986428e-01 -4.251449381150438911e-01 -3.454350317692430616e-01 -1.227224125011249084e-01 -1.685978652163545588e-01
-1.672654847062185202e-01 1.890579162688268144e-01 7.291188712915738224e-01 -2.641869612374271314e-01 -1.744477973456137199e-01 1.715139344097675322e-01
7.186048819026998880e-01 7.919714183793785667e-01 5.013618312358814055e-02 1.317684360066718463e-01 -2.541992385735696858e-01 -2.902775660457873608e-01
5.330075656417321284e-01 -2.834995257890723375e-01 4.979035905759796043e-01 9.209648214322505022e-02 -3.155119512730847342e-01 1.105408897172841243e-01
2.244977810073433833e-01 7.375759663213171669e-02 4.635073129865595609e-01 6.511103943491013124e-02 -9.699888828068874147e-02 5.301505459671090881e-01
-1.192766876131391707e-01 -3.852851136741984595e-02 3.442232132718940352e-01 2.607345190835461679e-01 4.148619245607699790e-01 -1.786949243105969420e-01
-5.769827654576515918e-01 -7.444016538644826486e-01 -7.868928576559603982e-01 -4.958345956645596186e-01 -2.635635200711009540e-01 7.549515920201722852e-02
-6.357960197450734929e-01 -4.269827791831939390e-01 3.266186302108342598e-02 -3.678986978654765760e-01 -2.484758440286672088e-01 1.388942707514760067e-01
-1.630623156989753908e-01 3.636627274568589585e-01 4.335998215288191515e-01 6.330901489772884638e-02 3.382107979304579404e-01 3.294683531994001546e-01
-3.799235043151263924e-01 6.514379364113437321e-01 2.939649310347298150e-01 3.338722493510453554e-02 3.685642922363717433e-02 -2.378873636574831141e-01
8.455066750403836817e-01 1.993637276466566355e-01 7.467677569754197497e-01 7.278997058296933498e-02 -4.460207537651675880e-01 -8.916407219936114958e-02
-1.684986879374134328e-01 -1.405212127815549106e-01 -6.388218362349089574e-01 -1.015603013884349565e-01 -1.168268968543569181e-01 -4.806127640566545400e-01
-8.302516635921930455e-02 -1.154421679714695975e-01 7.459856264314560503e-01 1.212654421156867529e-01 -4.646477020515777517e-02 -2.794180573211560437e-01
-2.987164804542149499e-01 -1.766786668597796484e-01 4.155211365186398109e-01 -3.860768851488109443e-01 9.174207492926726715e-02 -1.729349463822432986e-01
-6.971573128247567086e-02 -1.551347028310975651e-01 -8.065432288235975522e-02 -9.069527396618122517e-02 5.608926712281715465e-01 9.135944703243513432e-02
1.883689574858613547e-01 2.357618868240846377e-01 -5.676760245969630914e-01 1.407238484311404136e-01 3.059020907124414546e-01 1.293326937852079528e-01
-7.222415844576522970e-01 -1.696841893927838740e-01 -2.100050320085806999e-01 -1.018979376186244373e-01 4.455539170990355236e-01 1.718814381803286384e-01
1.765713929438700869e-01 -4.263149951239807445e-01 -3.875978785835823004e-01 4.609199141765327745e-01 -3.376057284563581395e-02 7.661631642289186417e-02
-2.022474990096333192e-01 -5.195485621372656349e-01 1.208588100304680280e-01 4.274205107262983860e-01 -1.998468749730419880e-01 -9.040496622941802951e-02
-3.647353482149077730e-01 -2.459482398948898418e-01 -2.288983871394721648e-01 -4.312522261702556592e-01 2.625400228545946568e-01 -2.700965161937560755e-01
-3.475787412524843079e-02 4.348907955387933399e-01 -1.043627044387027553e-01 4.850261165186577766e-02 -3.413318017930171422e-01 -3.583833013055378602e-01
5.388677789842060140e-01 3.135580768659828720e-03 3.750676708089669686e-01 -1.609537842361652982e-01 3.983997422146168810e-01 -2.708185755616582258e-01
1.989391340511924289e-01 1.705037548210844300e-01 -7.108417716231071881e-02 -1.234333462510573409e-01 2.350433901480225296e-01 4.907523126818099657e-01
-4.197050579996609021e-01 1.618874910399478451e-01 1.746924184870141672e-01 -1.752017459983163661e-01 -4.317075501856886821e-01 -3.129274823297292091e-02
-2.870113626849801203e-01 1.509014388739862433e-01 2.248685630030565208e-01 4.342730180681298457e-01 -1.778251528704375695e-01 -1.912464157241826057e-01
1.742629728289768649e-03 5.163660985665963210e-01 7.157143977920379374e-01 2.207804103818351293e-01 -3.189147425814262138e-01 -2.171649294352826220e-01
6.054501005659931878e-02 -5.195582854254352512e-01 -3.059274822450446796e-01 -4.109701312318494448e-01 -1.504660778101692964e-01 2.360512030866075139e-01
-2.136174089252262376e-01 2.003756577599820066e-01 1.691930659810892898e-02 1.972597466439668379e-01 -1.690874646094867317e-01 4.720159709067104359e-01
-7.708703026561056215e-02 -1.075918765157711121e+00 -4.701580568805922566e-01 2.300701732839313951e-01 -1.490318913948729396e-01 7.074315277831523530e-02
2.498222930584843848e-01 -1.347541352592834529e-01 1.363026940234399707e-02 2.872646899689943467e-01 -3.857587445662797876e-01 2.537424877452114647e-01
-2.086512741250667879e-01 2.854787899693981279e-01 -8.104333889830105386e-01 -7.504751497572935415e-02 -1.550390069817952909e-01 4.942152513376486117e-02
7.630810114281495471e-01 -7.022073252941882227e-02 2.545416551331455834e-01 -5.487827778507739507e-02 2.130285663765728588e-01 3.294360194295103961e-01
3.477791724607637303e-02 2.750471114850963628e-01 4.183659683747997793e-01 -3.292960417606781154e-01 -1.947659076960313596e-01 -3.865170921342231947e-01
-2.871140882958855278e-01 -4.919557347085398158e-01 -4.406463758033610234e-01 1.895442059250053157e-01 3.140825732598498399e-01 4.328944970245435786e-01
-3.759414263238485682e-02 3.269321078196132935e-01 2.231613819861278103e-01 -2.660096529507336993e-01 4.304096544808191371e-01 -2.050516881068100983e-01
-2.692504391609411574e-01 -4.464395263998467422e-01 -1.249220844605418712e+00 1.643191633155730302e-01 1.427350480111099496e-01 1.151518553735101924e-01
-7.199560185657627454e-01 -7.591168530736056574e-01 -9.223233458048657463e-02 2.207535141116723221e-01 -1.518645618145867127e-01 3.485504960624007942e-01
-6.433828157469009823e-02 1.667601912618721371e-01 -2.424035153298368869e-02 -5.335363711532015163e-01 -6.494568576001604962e-03 1.827042290721806739e-01
6.060443107546202857e-01 5.690391121715658862e-01 1.325873941575304304e-01 -1.220466070253076601e-01 -1.588869926896227525e-01 4.731342932777746757e-01
4.044447206331878153e-01 -4.076892149052008807e-01 -2.021811513823832673e-01 -6.256025158507997654e-03 2.617571345311621167e-01 2.940732182078949486e-01
7.551700061926245114e-03 1.507145758401194913e-01 -2.568833172942442400e-01 -1.662344968799285838e-01 -4.850936126937938075e-01 1.662047652404280151e-01
4.204527653393023146e-01 2.533522435722647126e-01 1.757604273288513597e-01 3.984820165247954793e-01 -3.562857446208122503e-01 -1.788005823602403233e-01
3.069468923805740435e-01 -1.960309820337691189e-01 -9.586077024964984039e-02 -4.467701057345773719e-01 2.164683953801849192e-01 -1.264598829588423068e-01
-7.980794034552488037e-02 1.612308115996199387e-01 -4.153246484582437392e-01 4.279649547040536017e-01 -2.565397743603579639e-01 2.277685379634275878e-02
-2.719161987831527072e-01 -7.846025488849748264e-01 6.082893967156444148e-02 -1.702189397430029227e-01 -1.450720832793827297e-01 -3.192586716769505450e-01
-2.827457091896969366e-01 3.382684856484867719e-01 -1.497257752232753480e-01 -3.418705144636748350e-01 -3.333350613268480644e-02 -3.292894472923842408e-01
1.806920456515634377e-01 7.825284616802502535e-01 4.647473146110919079e-02 -3.860579999545762364e-01 -1.067310359465281633e-02 -1.746784571377332507e-01
1.616248323493867933e-01 1.861988591997213172e-01 5.453877800692787936e-01 5.229844996095864840e-01 5.125904214971289952e-02 1.050902619039826430e-01
1.616116930157085463e-01 -4.179895066997068587e-01 4.909649236843381392e-01 -1.245790113056299553e-01 3.046725387697003518e-01 1.149775533109452380e-01
1.152903745689639048e-01 -2.504324841991369954e-01 3.190125544183312067e-01 -3.643283866000777693e-01 -2.658475339097313705e-01 2.160308251904697330e-01
-6.370151275648948674e-01 1.214282313563216226e-01 4.768821295174934805e-01 6.008142674052580068e-02 6.331273108978922870e-02 4.460833201565195943e-02
1.298168453475613271e-01 -1.005632255246505652e-01 -1.521382938953207142e-01 3.549638696897042256e-01 -9.075606865977663140e-02 -4.201885009572088880e-01
-2.120301806509972686e-01 -7.789974195948988489e-02 -3.185754955727828075e-01 4.494013564346477918e-01 3.358420435509091306e-01 -6.353943475879132718e-02
-7.133638115497001886e-01 -1.196015396107937973e-01 -6.785236311518516583e-02 4.104312679938791342e-01 -2.164017377674742892e-02 1.890990128147345684e-01
4.083488267869910260e-01 -2.638688965726854740e-01 3.805225229064956305e-01 3.347981688432826730e-01 3.067241977658006005e-02 -2.750530435329685552e-01
-5.453724069632123195e-01 1.498571532142944085e-01 -4.325915950055415904e-02 5.905846814625511504e-02 3.052565578621654896e-01 -3.284375695307191756e-01
3.864236041907660457e-01 -6.248525693236414158e-01 6.541916027490808638e-02 -1.293809930631309724e-01 -1.520985449797599698e-01 -1.625633900357958961e-01
8.805658491105222696e-01 3.008532023051541660e-01 9.651769217512952137e-01 -1.122607179631729263e-01 4.284096313424030078e-01 -8.023353741265670802e-02
2.275288253145164585e-01 3.003294687721419498e-01 3.492660330041753025e-01 -1.047965146085096805e-01 -5.522115896904434829e-01 1.168800208775458843e-01
4.073277316521838332e-01 -2.616014317320582427e-01 -6.888973125801922670e-01 -1.121748646642223290e-01 4.044311097321163367e-02 -1.175652897019584114e-01
1.047919213586504111e-01 6.351616563196865739e-01 -3.391604786233251012e-01 -3.820523809892520384e-02 -9.701955403291397106e-02 2.907106189007803709e-01
-2.774456227000950959e-01 -6.783674791174664209e-01 4.857925168756686840e-02 -2.778835477339134385e-01 2.908187118106509428e-01 1.973783006719476429e-01
-5.804404867394984124e-02 -6.918998457450074857e-02 -5.905229240681960645e-01 -3.960033722930980105e-01 2.381312374071675730e-01 1.650267851952094411e-01
-2.150120524452645843e-01 2.729609128718953892e-01 -6.081666338266869531e-02 4.151143228478221259e-01 2.809695810784346159e-01 1.408994071150630190e-01
1.084088321142801514e-01 -6.035691619994245638e-01 2.806502493430632073e-02 2.146006042840729044e-01 3.422651810823372220e-01 -1.344601683273594084e-01
5.081213161759787766e-01 2.689720107266439508e-01 1.950038318654133962e-01 -5.283284251399061882e-01 -1.634476321997179182e-01 -2.651238560569303335e-02
5.552485915659554072e-01 -1.224064348420686871e-01 -1.754908149398360651e-01 -2.280669761434373222e-01 -2.690563873059981237e-01 2.071836233107174630e-01
6.958586405817800136e-02 -1.199813230011176346e-01 -5.048329510328398717e-01 6.950787625003271297e-02 -1.015578704903716545e-01 4.822040466001257797e-01
-6.281763029699496403e-01 -4.782489348871015178e-01 2.855463402154951869e-01 1.301278937471220809e-01 2.573883219381586929e-01 -1.001310735600085128e-01
-3.985829608418903214e-01 -3.656731325335652039e-01 -5.117033659008772828e-01 4.808212856045752659e-01 -2.019344961382699144e-01 -2.355829618826362770e-01
4.806807632516883061e-02 8.762611307226288171e-02 -3.052801053717116297e-01 -6.151449454305057962e-02 3.468741629768831158e-01 -4.030241142184660674e-01
-4.470822608398218323e-01 -1.786282067801268914e-01 -5.778006216295294983e-02 7.891050139580721434e-02 -2.520380362267096164e-01 -4.731581327092689304e-01
3.717479450376592331e-01 3.172108938180037696e-01 -4.082649037028563549e-02 4.192525948252890933e-01 4.637236948679176324e-02 3.243142681870840871e-01
2.175899764219172416e-01 3.101049524058195894e-01 2.868596537555029857e-01 1.859431938205108603e-01 1.421972142320352406e-01 -5.255683959185387666e-01
-3.130474334301164840e-01 -4.521622089757098006e-01 -2.441339115238334856e-01 1.674342833159941646e-01 2.985840388062583894e-01 -4.526776315117005400e-01
3.207275183135659402e-01 3.364616087776741149e-01 2.960540588718150734e-01 1.762315690517342048e-01 5.283101410059803937e-01 1.508287453736174288e-01
3.642783705858662624e-02 -6.269137219532153749e-01 -4.833087649318568157e-01 -1.996848747322121087e-01 3.999549072258927196e-01 -1.081677669893414545e-01
-1.475063879527608590e-01 6.173763363815208960e-01 2.340838117399523244e-01 -2.388218957503479845e-01 -1.801817102176740404e-01 3.123625293754032084e-01
-9.861633923400299484e-02 -2.029934540827724732e-01 -9.198265889472369283e-02 -4.299115477922312301e-01 -3.029599148987642820e-01 -2.298862478739018833e-01
-2.961388053200435522e-01 -1.486767172564103234e-01 2.378175965866180797e-01 -2.036825672739152049e-01 1.225658447019394859e-01 4.480910978474974549e-01
2.610564500750055250e-02 -2.492339181014625593e-01 1.444560425890117905e-01 3.642686897869981677e-01 1.815750894314882014e-01 3.561887080522675442e-01
5.699996234039735876e-01 3.984822459413655538e-01 -1.552208880907822164e-01 -2.283147629767302844e-01 3.707391299933338047e-01 -9.991974201029275512e-03
3.016142533535543305e-02 -2.521923227773917309e-01 1.897260206227754931e-01 -1.302023527969381755e-01 1.291703591734129353e-01 -4.996161647449663401e-01
-5.728687439869166731e-01 4.560787343723109455e-01 -2.754774968588992179e-01 1.551059425469707154e-01 -1.688086938517165125e-01 1.968773838703321427e-02
-6.117291685951903313e-03 6.889523348988166873e-01 1.614367546501943862e-01 3.746864237477258164e-01 -2.242833866976400303e-01 1.051771887610882805e-01
-4.526880562503970973e-01 -2.114719766349786312e-01 -2.715526160170711467e-01 1.143954710672096947e-01 -5.356910219184241040e-01 1.323429279118701618e-01
2.416372905552095218e-01 1.519396465866081902e-01 4.801566495946804070e-01 -4.126667856587513672e-01 2.659908078126898556e-01 2.520140644242044869e-01
